[gd_scene load_steps=54 format=3 uid="uid://dx67nhwmu0cms"]

[ext_resource type="Script" path="res://scripts/Player.gd" id="1_rc1k3"]
[ext_resource type="AudioStream" uid="uid://cpqprvfnh5e5w" path="res://sounds/Wepa.mp3" id="2_xqi3b"]
[ext_resource type="Material" uid="uid://d1xcswmqy0up4" path="res://materials/goo.tres" id="3_ba3xh"]
[ext_resource type="ArrayMesh" uid="uid://bk7f1p5blvqe" path="res://models/viewmodel.obj" id="4_w415q"]
[ext_resource type="Material" uid="uid://b6w0r648pnjxx" path="res://materials/black.tres" id="5_j6g4j"]
[ext_resource type="ArrayMesh" uid="uid://dxot1ygcupbaj" path="res://models/uzi.obj" id="5_p0rh2"]
[ext_resource type="AudioStream" uid="uid://dwr4h2flbe66t" path="res://sounds/shoot.wav" id="6_sltjf"]
[ext_resource type="AudioStream" uid="uid://bo1oj7nb3i4m1" path="res://sounds/click.wav" id="7_0fyd4"]
[ext_resource type="AudioStream" uid="uid://bijyoqiwr2rei" path="res://sounds/reload.wav" id="8_4paea"]
[ext_resource type="AudioStream" uid="uid://maymrku2km6y" path="res://sounds/enemyhit.wav" id="9_q3ysj"]
[ext_resource type="AudioStream" uid="uid://monew1aguujw" path="res://sounds/bossdeath.wav" id="10_l2fnw"]
[ext_resource type="Material" path="res://materials/ground.tres" id="11_3vmss"]
[ext_resource type="Shader" path="res://shaders/sky.gdshader" id="12_jjahu"]
[ext_resource type="AudioStream" uid="uid://bkk3s4bkworyl" path="res://sounds/oozihit.wav" id="12_xh8g6"]
[ext_resource type="PackedScene" uid="uid://obcdwbj6a7wr" path="res://models/LHouse2.gltf" id="13_xxlhi"]
[ext_resource type="PackedScene" uid="uid://c484luve2wx5f" path="res://models/House2.gltf" id="14_nhbrf"]
[ext_resource type="PackedScene" uid="uid://0l2i2gwgosdo" path="res://models/THouse2.gltf" id="15_b2j2i"]
[ext_resource type="PackedScene" uid="uid://l47bw6ev7qgf" path="res://models/UHouse2.gltf" id="16_ckbxy"]
[ext_resource type="PackedScene" uid="uid://cc4qhkq3560c6" path="res://models/WillowTreeYellow.gltf" id="17_metrm"]
[ext_resource type="PackedScene" uid="uid://b8jegtp1c18a6" path="res://models/WillowTreeRed.gltf" id="18_3mnca"]
[ext_resource type="PackedScene" uid="uid://brce3jyu3cmov" path="res://models/WillowTreeGreen.gltf" id="19_j5vto"]
[ext_resource type="PackedScene" uid="uid://cqhohdxkchw1l" path="res://models/WillowTreeOrange.gltf" id="20_r7vtc"]
[ext_resource type="PackedScene" uid="uid://qbyqt532jr4m" path="res://models/OakTreeYellow.gltf" id="21_g5co0"]
[ext_resource type="PackedScene" uid="uid://8fq2lqik6k88" path="res://models/OakTreeRed.gltf" id="22_hcc7h"]
[ext_resource type="PackedScene" uid="uid://ceovl8hmkftg5" path="res://models/OakTreeGreen.gltf" id="23_4c8yi"]
[ext_resource type="PackedScene" uid="uid://b3gsokcl6wlnb" path="res://models/OakTreeOrange.gltf" id="24_me8fh"]
[ext_resource type="PackedScene" uid="uid://ci15c358od2n6" path="res://models/PineTree.gltf" id="25_knsmr"]
[ext_resource type="PackedScene" uid="uid://cviisjqmdckws" path="res://models/cave.gltf" id="26_vaaar"]
[ext_resource type="Script" path="res://Path.gd" id="27_jwmsg"]
[ext_resource type="Script" path="res://scripts/PathFollow3D.gd" id="28_xd56e"]
[ext_resource type="Script" path="res://scripts/EnemyEncounter.gd" id="29_2cbbd"]
[ext_resource type="PackedScene" uid="uid://dvs1eabwvj4do" path="res://prefabs/corrected_skeleton.tscn" id="30_k76k2"]
[ext_resource type="Script" path="res://scripts/BigSkellyEncounter.gd" id="31_lrdhh"]
[ext_resource type="Script" path="res://scripts/UI.gd" id="32_8ehw3"]
[ext_resource type="Script" path="res://scripts/big_skeleton.gd" id="34_li4bm"]
[ext_resource type="Texture2D" uid="uid://bp4it1yhevh3s" path="res://sprites/bullet.png" id="36_m6b8n"]
[ext_resource type="Texture2D" uid="uid://coty6miylibh1" path="res://sprites/life.png" id="37_i8pt3"]

[sub_resource type="CapsuleShape3D" id="CapsuleShape3D_x0st1"]

[sub_resource type="BoxShape3D" id="BoxShape3D_njgvg"]
size = Vector3(20, 0.1, 20)

[sub_resource type="BoxMesh" id="BoxMesh_3oyeb"]
material = ExtResource("11_3vmss")
size = Vector3(20, 0.1, 20)

[sub_resource type="BoxShape3D" id="BoxShape3D_duokt"]

[sub_resource type="BoxMesh" id="BoxMesh_1vcqo"]

[sub_resource type="ShaderMaterial" id="ShaderMaterial_cwjtc"]
shader = ExtResource("12_jjahu")
shader_parameter/skyColor = Color(0.301961, 0.54902, 1, 1)
shader_parameter/horizonColor = Color(0.701961, 0.803922, 1, 1)

[sub_resource type="Sky" id="Sky_vmk5g"]
sky_material = SubResource("ShaderMaterial_cwjtc")

[sub_resource type="Environment" id="Environment_fhfge"]
background_mode = 2
sky = SubResource("Sky_vmk5g")

[sub_resource type="Curve3D" id="Curve3D_83k64"]
_data = {
"points": PackedVector3Array(0, 0, 0, 0, 0, 0, -2.591, 1.5, -2.169, -6.2874, 0.141554, -14.7615, 6.2874, -0.141554, 14.7615, 8.15581, -0.286208, 7.60543, 0, 0, 0, 0, 0, 0, 24.9853, -0.410452, 10.9067),
"tilts": PackedFloat32Array(0, 0, 0)
}
point_count = 3

[sub_resource type="Curve3D" id="Curve3D_gboip"]
_data = {
"points": PackedVector3Array(0, 0, 0, 0, 0, 0, -0.039, 1.5, 0.062, -5.05023, -0.228742, 6.07797, 5.05023, 0.228742, -6.07797, 1.06221, 0.832865, -22.0681, 0, 0, 0, 0, 0, 0, 7.88878, 1.11134, -29.4676),
"tilts": PackedFloat32Array(0, 0, 0)
}
point_count = 3

[sub_resource type="Curve3D" id="Curve3D_2w8lq"]
_data = {
"points": PackedVector3Array(0, 0, 0, 0, 0, 0, -0.544533, 0, -0.654012, -8.8108, -4.88162e-05, -7.4262, 8.8108, 4.88162e-05, 7.4262, -4.13409, 0, 24.0506, 0, 0, 0, 0, 0, 0, 25.168, 4.88162e-05, 31.7429),
"tilts": PackedFloat32Array(0, 0, 0)
}
point_count = 3

[sub_resource type="Curve3D" id="Curve3D_vvdn0"]
_data = {
"points": PackedVector3Array(0, 0, 0, 0, 0, 0, -0.0665245, 4.88162e-05, -0.266117, 0.316139, 0, 21.0541, -0.316139, 0, -21.0541, 34.1887, 4.88162e-05, -14.8516, 0, 0, 0, 0, 0, 0, 51.8183, 4.88162e-05, -46.2036, 12.208, 0, 2.58521, -12.208, 0, -2.58521, 52.0977, 4.88162e-05, -78.0206),
"tilts": PackedFloat32Array(0, 0, 0, 0)
}
point_count = 4

[sub_resource type="Curve3D" id="Curve3D_vuho3"]
_data = {
"points": PackedVector3Array(0, 0, 0, 0, 0, 0, -0.227272, 4.88162e-05, -0.826889, 9.5235, 0, 15.227, -9.5235, 0, -15.227, -22.8991, 4.88162e-05, -28.9791, 0, 0, 0, 0, 0, 0, -58.3664, 4.88162e-05, -41.0309),
"tilts": PackedFloat32Array(0, 0, 0)
}
point_count = 3

[sub_resource type="Curve3D" id="Curve3D_cc0kn"]
_data = {
"points": PackedVector3Array(0, 0, 0, 0, 0, 0, 0.173767, 4.88162e-05, -1.00526, 15.3019, 0, 3.9403, -15.3019, 0, -3.9403, -57.5705, 4.88162e-05, -2.26163, 0, 0, 0, 0, 0, 0, -76.6582, 4.88162e-05, -39.99),
"tilts": PackedFloat32Array(0, 0, 0)
}
point_count = 3

[sub_resource type="Curve3D" id="Curve3D_2eg2v"]
_data = {
"points": PackedVector3Array(0, 0, 0, 0, 0, 0, 0.27832, 4.88162e-05, -1.10645, 5.95241, 0, 16.6777, -5.95241, 0, -16.6777, 14.0227, 4.88162e-05, -40.1695, 0, 0, 0, 0, 0, 0, -0.968811, 4.88162e-05, -76.5206),
"tilts": PackedFloat32Array(0, 0, 0)
}
point_count = 3

[sub_resource type="LabelSettings" id="LabelSettings_28rte"]
font_size = 36

[node name="Level_One" type="Node"]

[node name="3DWorld" type="Node3D" parent="."]
transform = Transform3D(1, 0, 0, 0, 1, 0, 0, 0, 1, 4.73913, 0, 0)

[node name="Player" type="CharacterBody3D" parent="3DWorld" node_paths=PackedStringArray("reload_text", "UI", "chosen_path_follow")]
transform = Transform3D(-0.0685799, 0.0375195, -0.99694, -8.73129e-10, 0.999292, 0.0376079, 0.997646, 0.00257913, -0.0685308, -45.596, 2.5, -50.531)
script = ExtResource("1_rc1k3")
next_level = "res://scenes/Level02.tscn"
arm_range = Vector2(1.25, 0.625)
arm_base = Vector2(-0.5, 0)
init_counter = 0.5
max_ammo = 6
reload_timer = 2.0
reload_text = NodePath("../../UI/reload_text")
UI = NodePath("../../UI")
chosen_path_follow = NodePath("../StartPath/PathFollow3D")
music = ExtResource("2_xqi3b")

[node name="Camera" type="Camera3D" parent="3DWorld/Player"]
transform = Transform3D(1, 0, 0, 0, 1, 0, 0, 0, 1, 0, 0.5, 0)
current = true
fov = 90.0

[node name="Collider" type="CollisionShape3D" parent="3DWorld/Player"]
shape = SubResource("CapsuleShape3D_x0st1")

[node name="ArmAnchor" type="Node3D" parent="3DWorld/Player"]
transform = Transform3D(1, 0, 0, 0, 1, 0, 0, 0, 1, 0.7, 0, -0.56492)

[node name="Viewmodel" type="MeshInstance3D" parent="3DWorld/Player/ArmAnchor"]
transform = Transform3D(0.990662, 0.0103129, 0.135948, 0.0154018, 0.982287, -0.186751, -0.135465, 0.187101, 0.972956, 0.0981827, -0.219468, 0.296215)
material_override = ExtResource("3_ba3xh")
mesh = ExtResource("4_w415q")
skeleton = NodePath("../../../..")

[node name="Uzi" type="MeshInstance3D" parent="3DWorld/Player/ArmAnchor"]
transform = Transform3D(-2.98023e-08, 0, -1, 0, 1, 0, 1, 0, -2.98023e-08, 0, -0.0460963, -0.25)
material_override = ExtResource("5_j6g4j")
mesh = ExtResource("5_p0rh2")

[node name="reload_timer" type="Timer" parent="3DWorld/Player"]

[node name="ShootSound" type="AudioStreamPlayer" parent="3DWorld/Player"]
stream = ExtResource("6_sltjf")

[node name="ClickSound" type="AudioStreamPlayer" parent="3DWorld/Player"]
stream = ExtResource("7_0fyd4")

[node name="ReloadSound" type="AudioStreamPlayer" parent="3DWorld/Player"]
stream = ExtResource("8_4paea")

[node name="EnemyHitSound" type="AudioStreamPlayer" parent="3DWorld/Player"]
stream = ExtResource("9_q3ysj")

[node name="BossDeathSound" type="AudioStreamPlayer" parent="3DWorld/Player"]
stream = ExtResource("10_l2fnw")

[node name="MusicPlayer" type="AudioStreamPlayer" parent="3DWorld/Player"]
volume_db = -10.0

[node name="HurtSound" type="AudioStreamPlayer" parent="3DWorld/Player"]
stream = ExtResource("12_xh8g6")

[node name="Terrain" type="Node3D" parent="3DWorld"]
transform = Transform3D(20, 0, 0, 0, 1, 0, 0, 0, 20, 0, 0, 0)

[node name="Ground" type="StaticBody3D" parent="3DWorld/Terrain"]

[node name="CollisionShape3D" type="CollisionShape3D" parent="3DWorld/Terrain/Ground"]
shape = SubResource("BoxShape3D_njgvg")

[node name="MeshInstance3D" type="MeshInstance3D" parent="3DWorld/Terrain/Ground"]
transform = Transform3D(1, 0, 0, 0, 1, 0, 0, 0, 1, 0, 0, -3.99836)
material_override = ExtResource("11_3vmss")
mesh = SubResource("BoxMesh_3oyeb")

[node name="StaticBody3D" type="StaticBody3D" parent="3DWorld"]
transform = Transform3D(1, 0, 0, 0, 1, 0, 0, 0, 1, -3.00421, 0.55, -1.53938)

[node name="CollisionShape3D" type="CollisionShape3D" parent="3DWorld/StaticBody3D"]
shape = SubResource("BoxShape3D_duokt")

[node name="MeshInstance3D" type="MeshInstance3D" parent="3DWorld/StaticBody3D"]
mesh = SubResource("BoxMesh_1vcqo")

[node name="WorldEnvironment" type="WorldEnvironment" parent="3DWorld"]
environment = SubResource("Environment_fhfge")

[node name="DirectionalLight3D" type="DirectionalLight3D" parent="3DWorld/WorldEnvironment"]
transform = Transform3D(0.984057, 0.134254, -0.116652, -0.0456839, 0.824687, 0.563741, 0.171886, -0.549424, 0.817672, 0, 4.95604, 0)

[node name="HouseBlock" type="Node3D" parent="3DWorld"]
transform = Transform3D(0.995178, 0, 0.0980867, 0, 1, 0, -0.0980867, 0, 0.995178, -41.4575, 0, -28.9804)

[node name="LHouse2" parent="3DWorld/HouseBlock" instance=ExtResource("13_xxlhi")]
transform = Transform3D(1, 0, 0, 0, 1, 0, 0, 0, 1, -20.8608, 0.05, 24.5297)

[node name="House2" parent="3DWorld/HouseBlock" instance=ExtResource("14_nhbrf")]
transform = Transform3D(-0.0796944, 0, -0.996819, 0, 1, 0, 0.996819, 0, -0.0796944, -34.8771, 0.0500002, -1.27394)

[node name="THouse2" parent="3DWorld/HouseBlock" instance=ExtResource("15_b2j2i")]
transform = Transform3D(-0.636267, 0, -0.771469, 0, 1, 0, 0.771469, 0, -0.636267, -26.6602, 0.0500002, -23.8524)

[node name="UHouse2" parent="3DWorld/HouseBlock" instance=ExtResource("16_ckbxy")]
transform = Transform3D(-0.972059, 0, -0.234735, 0, 1, 0, 0.234735, 0, -0.972059, -6.73543, 0.05, -33.735)

[node name="WillowTreeYellow" parent="3DWorld/HouseBlock" instance=ExtResource("17_metrm")]
transform = Transform3D(1, 0, 0, 0, 1, 0, 0, 0, 1, -7.82939, 0.05, 17.7099)

[node name="WillowTreeRed" parent="3DWorld/HouseBlock" instance=ExtResource("18_3mnca")]
transform = Transform3D(1, 0, 0, 0, 1, 0, 0, 0, 1, -35.4226, 0.05, 12.1713)

[node name="WillowTreeGreen" parent="3DWorld/HouseBlock" instance=ExtResource("19_j5vto")]
transform = Transform3D(1, 0, 0, 0, 1, 0, 0, 0, 1, 10.8583, 0.05, -34.5656)

[node name="WillowTreeOrange" parent="3DWorld/HouseBlock" instance=ExtResource("20_r7vtc")]
transform = Transform3D(1, 0, 0, 0, 1, 0, 0, 0, 1, -30.9389, 0.05, -47.5009)

[node name="OakTreeYellow" parent="3DWorld/HouseBlock" instance=ExtResource("21_g5co0")]
transform = Transform3D(1, 0, 0, 0, 1, 0, 0, 0, 1, -38.0111, 0.05, -28.3783)

[node name="OakTreeRed" parent="3DWorld/HouseBlock" instance=ExtResource("22_hcc7h")]
transform = Transform3D(1, 0, 0, 0, 1, 0, 0, 0, 1, -10.9525, 0.05, -46.8872)

[node name="OakTreeGreen" parent="3DWorld/HouseBlock" instance=ExtResource("23_4c8yi")]
transform = Transform3D(1, 0, 0, 0, 1, 0, 0, 0, 1, -45.0811, 0.05, -14.4858)

[node name="OakTreeOrange" parent="3DWorld/HouseBlock" instance=ExtResource("24_me8fh")]
transform = Transform3D(1, 0, 0, 0, 1, 0, 0, 0, 1, -45.1206, 0.05, 4.50634)

[node name="PineTree" parent="3DWorld/HouseBlock" instance=ExtResource("25_knsmr")]
transform = Transform3D(1, 0, 0, 0, 1, 0, 0, 0, 1, -22.9029, 0.05, 0.999548)

[node name="PineTree2" parent="3DWorld/HouseBlock" instance=ExtResource("25_knsmr")]
transform = Transform3D(1, 0, 0, 0, 1, 0, 0, 0, 1, -1.58969, 0.05, -15.8019)

[node name="HouseBlock2" type="Node3D" parent="3DWorld"]
transform = Transform3D(-0.961214, 0, -0.275805, 0, 1, 0, 0.275805, 0, -0.961214, -17.5317, 0, -41.1451)

[node name="LHouse2" parent="3DWorld/HouseBlock2" instance=ExtResource("13_xxlhi")]
transform = Transform3D(1, 0, 0, 0, 1, 0, 0, 0, 1, -20.8608, 0.05, 24.5297)

[node name="House2" parent="3DWorld/HouseBlock2" instance=ExtResource("14_nhbrf")]
transform = Transform3D(-0.0796944, 0, -0.996819, 0, 1, 0, 0.996819, 0, -0.0796944, -34.8771, 0.0500002, -1.27394)

[node name="THouse2" parent="3DWorld/HouseBlock2" instance=ExtResource("15_b2j2i")]
transform = Transform3D(-0.636267, 0, -0.771469, 0, 1, 0, 0.771469, 0, -0.636267, -26.6602, 0.0500002, -23.8524)

[node name="UHouse2" parent="3DWorld/HouseBlock2" instance=ExtResource("16_ckbxy")]
transform = Transform3D(-0.972059, 0, -0.234735, 0, 1, 0, 0.234735, 0, -0.972059, -6.73543, 0.05, -33.735)

[node name="WillowTreeYellow" parent="3DWorld/HouseBlock2" instance=ExtResource("17_metrm")]
transform = Transform3D(1, 0, 0, 0, 1, 0, 0, 0, 1, -7.82939, 0.05, 17.7099)

[node name="WillowTreeRed" parent="3DWorld/HouseBlock2" instance=ExtResource("18_3mnca")]
transform = Transform3D(1, 0, 0, 0, 1, 0, 0, 0, 1, -35.4226, 0.05, 12.1713)

[node name="WillowTreeGreen" parent="3DWorld/HouseBlock2" instance=ExtResource("19_j5vto")]
transform = Transform3D(1, 0, 0, 0, 1, 0, 0, 0, 1, 10.8583, 0.05, -34.5656)

[node name="WillowTreeOrange" parent="3DWorld/HouseBlock2" instance=ExtResource("20_r7vtc")]
transform = Transform3D(1, 0, 0, 0, 1, 0, 0, 0, 1, -30.9389, 0.05, -47.5009)

[node name="OakTreeYellow" parent="3DWorld/HouseBlock2" instance=ExtResource("21_g5co0")]
transform = Transform3D(1, 0, 0, 0, 1, 0, 0, 0, 1, -38.0111, 0.05, -28.3783)

[node name="OakTreeRed" parent="3DWorld/HouseBlock2" instance=ExtResource("22_hcc7h")]
transform = Transform3D(1, 0, 0, 0, 1, 0, 0, 0, 1, -10.9525, 0.05, -46.8872)

[node name="OakTreeGreen" parent="3DWorld/HouseBlock2" instance=ExtResource("23_4c8yi")]
transform = Transform3D(1, 0, 0, 0, 1, 0, 0, 0, 1, -45.0811, 0.05, -14.4858)

[node name="OakTreeOrange" parent="3DWorld/HouseBlock2" instance=ExtResource("24_me8fh")]
transform = Transform3D(1, 0, 0, 0, 1, 0, 0, 0, 1, -45.1206, 0.05, 4.50634)

[node name="PineTree" parent="3DWorld/HouseBlock2" instance=ExtResource("25_knsmr")]
transform = Transform3D(1, 0, 0, 0, 1, 0, 0, 0, 1, -22.9029, 0.05, 0.999548)

[node name="PineTree2" parent="3DWorld/HouseBlock2" instance=ExtResource("25_knsmr")]
transform = Transform3D(1, 0, 0, 0, 1, 0, 0, 0, 1, -1.58969, 0.05, -15.8019)

[node name="HouseBlock3" type="Node3D" parent="3DWorld"]
transform = Transform3D(0.0339576, 0, 0.999423, 0, 1, 0, -0.999423, 0, 0.0339576, -32.7368, 0, 31.1)

[node name="LHouse2" parent="3DWorld/HouseBlock3" instance=ExtResource("13_xxlhi")]
transform = Transform3D(1, 0, 0, 0, 1, 0, 0, 0, 1, -20.8608, 0.05, 24.5297)

[node name="House2" parent="3DWorld/HouseBlock3" instance=ExtResource("14_nhbrf")]
transform = Transform3D(-0.0796944, 0, -0.996819, 0, 1, 0, 0.996819, 0, -0.0796944, -34.8771, 0.0500002, -1.27394)

[node name="THouse2" parent="3DWorld/HouseBlock3" instance=ExtResource("15_b2j2i")]
transform = Transform3D(-0.636267, 0, -0.771469, 0, 1, 0, 0.771469, 0, -0.636267, -26.6602, 0.0500002, -23.8524)

[node name="UHouse2" parent="3DWorld/HouseBlock3" instance=ExtResource("16_ckbxy")]
transform = Transform3D(-0.972059, 0, -0.234735, 0, 1, 0, 0.234735, 0, -0.972059, -6.73543, 0.05, -33.735)

[node name="WillowTreeYellow" parent="3DWorld/HouseBlock3" instance=ExtResource("17_metrm")]
transform = Transform3D(1, 0, 0, 0, 1, 0, 0, 0, 1, -7.82939, 0.05, 17.7099)

[node name="WillowTreeRed" parent="3DWorld/HouseBlock3" instance=ExtResource("18_3mnca")]
transform = Transform3D(1, 0, 0, 0, 1, 0, 0, 0, 1, -35.4226, 0.05, 12.1713)

[node name="WillowTreeGreen" parent="3DWorld/HouseBlock3" instance=ExtResource("19_j5vto")]
transform = Transform3D(1, 0, 0, 0, 1, 0, 0, 0, 1, 10.8583, 0.05, -34.5656)

[node name="WillowTreeOrange" parent="3DWorld/HouseBlock3" instance=ExtResource("20_r7vtc")]
transform = Transform3D(1, 0, 0, 0, 1, 0, 0, 0, 1, -30.9389, 0.05, -47.5009)

[node name="OakTreeYellow" parent="3DWorld/HouseBlock3" instance=ExtResource("21_g5co0")]
transform = Transform3D(1, 0, 0, 0, 1, 0, 0, 0, 1, -38.0111, 0.05, -28.3783)

[node name="OakTreeRed" parent="3DWorld/HouseBlock3" instance=ExtResource("22_hcc7h")]
transform = Transform3D(1, 0, 0, 0, 1, 0, 0, 0, 1, -10.9525, 0.05, -46.8872)

[node name="OakTreeGreen" parent="3DWorld/HouseBlock3" instance=ExtResource("23_4c8yi")]
transform = Transform3D(1, 0, 0, 0, 1, 0, 0, 0, 1, -45.0811, 0.05, -14.4858)

[node name="OakTreeOrange" parent="3DWorld/HouseBlock3" instance=ExtResource("24_me8fh")]
transform = Transform3D(1, 0, 0, 0, 1, 0, 0, 0, 1, -45.1206, 0.05, 4.50634)

[node name="PineTree" parent="3DWorld/HouseBlock3" instance=ExtResource("25_knsmr")]
transform = Transform3D(1, 0, 0, 0, 1, 0, 0, 0, 1, -22.9029, 0.05, 0.999548)

[node name="PineTree2" parent="3DWorld/HouseBlock3" instance=ExtResource("25_knsmr")]
transform = Transform3D(1, 0, 0, 0, 1, 0, 0, 0, 1, -1.58969, 0.05, -15.8019)

[node name="HouseBlock4" type="Node3D" parent="3DWorld"]
transform = Transform3D(-0.850288, 0, 0.526318, 0, 1, 0, -0.526318, 0, -0.850288, 35.2799, 0, 31.1)

[node name="LHouse2" parent="3DWorld/HouseBlock4" instance=ExtResource("13_xxlhi")]
transform = Transform3D(1, 0, 0, 0, 1, 0, 0, 0, 1, -20.8608, 0.05, 24.5297)

[node name="House2" parent="3DWorld/HouseBlock4" instance=ExtResource("14_nhbrf")]
transform = Transform3D(-0.0796944, 0, -0.996819, 0, 1, 0, 0.996819, 0, -0.0796944, -34.8771, 0.0500002, -1.27394)

[node name="THouse2" parent="3DWorld/HouseBlock4" instance=ExtResource("15_b2j2i")]
transform = Transform3D(-0.636267, 0, -0.771469, 0, 1, 0, 0.771469, 0, -0.636267, -26.6602, 0.0500002, -23.8524)

[node name="UHouse2" parent="3DWorld/HouseBlock4" instance=ExtResource("16_ckbxy")]
transform = Transform3D(-0.972059, 0, -0.234735, 0, 1, 0, 0.234735, 0, -0.972059, -6.73543, 0.05, -33.735)

[node name="WillowTreeYellow" parent="3DWorld/HouseBlock4" instance=ExtResource("17_metrm")]
transform = Transform3D(1, 0, 0, 0, 1, 0, 0, 0, 1, -7.82939, 0.05, 17.7099)

[node name="WillowTreeRed" parent="3DWorld/HouseBlock4" instance=ExtResource("18_3mnca")]
transform = Transform3D(1, 0, 0, 0, 1, 0, 0, 0, 1, -35.4226, 0.05, 12.1713)

[node name="WillowTreeGreen" parent="3DWorld/HouseBlock4" instance=ExtResource("19_j5vto")]
transform = Transform3D(1, 0, 0, 0, 1, 0, 0, 0, 1, 10.8583, 0.05, -34.5656)

[node name="WillowTreeOrange" parent="3DWorld/HouseBlock4" instance=ExtResource("20_r7vtc")]
transform = Transform3D(1, 0, 0, 0, 1, 0, 0, 0, 1, -30.9389, 0.05, -47.5009)

[node name="OakTreeYellow" parent="3DWorld/HouseBlock4" instance=ExtResource("21_g5co0")]
transform = Transform3D(1, 0, 0, 0, 1, 0, 0, 0, 1, -38.0111, 0.05, -28.3783)

[node name="OakTreeRed" parent="3DWorld/HouseBlock4" instance=ExtResource("22_hcc7h")]
transform = Transform3D(1, 0, 0, 0, 1, 0, 0, 0, 1, -10.9525, 0.05, -46.8872)

[node name="OakTreeGreen" parent="3DWorld/HouseBlock4" instance=ExtResource("23_4c8yi")]
transform = Transform3D(1, 0, 0, 0, 1, 0, 0, 0, 1, -45.0811, 0.05, -14.4858)

[node name="OakTreeOrange" parent="3DWorld/HouseBlock4" instance=ExtResource("24_me8fh")]
transform = Transform3D(1, 0, 0, 0, 1, 0, 0, 0, 1, -45.1206, 0.05, 4.50634)

[node name="PineTree" parent="3DWorld/HouseBlock4" instance=ExtResource("25_knsmr")]
transform = Transform3D(1, 0, 0, 0, 1, 0, 0, 0, 1, -22.9029, 0.05, 0.999548)

[node name="PineTree2" parent="3DWorld/HouseBlock4" instance=ExtResource("25_knsmr")]
transform = Transform3D(1, 0, 0, 0, 1, 0, 0, 0, 1, -1.58969, 0.05, -15.8019)

[node name="HouseBlock5" type="Node3D" parent="3DWorld"]
transform = Transform3D(-0.843729, 0, -0.53677, 0, 1, 0, 0.53677, 0, -0.843729, 76.1678, 0, -25.1084)

[node name="LHouse2" parent="3DWorld/HouseBlock5" instance=ExtResource("13_xxlhi")]
transform = Transform3D(1, 0, 0, 0, 1, 0, 0, 0, 1, -20.8608, 0.05, 24.5297)

[node name="House2" parent="3DWorld/HouseBlock5" instance=ExtResource("14_nhbrf")]
transform = Transform3D(-0.0796944, 0, -0.996819, 0, 1, 0, 0.996819, 0, -0.0796944, -34.8771, 0.0500002, -1.27394)

[node name="THouse2" parent="3DWorld/HouseBlock5" instance=ExtResource("15_b2j2i")]
transform = Transform3D(-0.636267, 0, -0.771469, 0, 1, 0, 0.771469, 0, -0.636267, -26.6602, 0.0500002, -23.8524)

[node name="UHouse2" parent="3DWorld/HouseBlock5" instance=ExtResource("16_ckbxy")]
transform = Transform3D(-0.972059, 0, -0.234735, 0, 1, 0, 0.234735, 0, -0.972059, -6.73543, 0.05, -33.735)

[node name="WillowTreeYellow" parent="3DWorld/HouseBlock5" instance=ExtResource("17_metrm")]
transform = Transform3D(1, 0, 0, 0, 1, 0, 0, 0, 1, -7.82939, 0.05, 17.7099)

[node name="WillowTreeRed" parent="3DWorld/HouseBlock5" instance=ExtResource("18_3mnca")]
transform = Transform3D(1, 0, 0, 0, 1, 0, 0, 0, 1, -35.4226, 0.05, 12.1713)

[node name="WillowTreeGreen" parent="3DWorld/HouseBlock5" instance=ExtResource("19_j5vto")]
transform = Transform3D(1, 0, 0, 0, 1, 0, 0, 0, 1, 10.8583, 0.05, -34.5656)

[node name="WillowTreeOrange" parent="3DWorld/HouseBlock5" instance=ExtResource("20_r7vtc")]
transform = Transform3D(1, 0, 0, 0, 1, 0, 0, 0, 1, -30.9389, 0.05, -47.5009)

[node name="OakTreeYellow" parent="3DWorld/HouseBlock5" instance=ExtResource("21_g5co0")]
transform = Transform3D(1, 0, 0, 0, 1, 0, 0, 0, 1, -38.0111, 0.05, -28.3783)

[node name="OakTreeRed" parent="3DWorld/HouseBlock5" instance=ExtResource("22_hcc7h")]
transform = Transform3D(1, 0, 0, 0, 1, 0, 0, 0, 1, -10.9525, 0.05, -46.8872)

[node name="OakTreeGreen" parent="3DWorld/HouseBlock5" instance=ExtResource("23_4c8yi")]
transform = Transform3D(1, 0, 0, 0, 1, 0, 0, 0, 1, -45.0811, 0.05, -14.4858)

[node name="OakTreeOrange" parent="3DWorld/HouseBlock5" instance=ExtResource("24_me8fh")]
transform = Transform3D(1, 0, 0, 0, 1, 0, 0, 0, 1, -45.1206, 0.05, 4.50634)

[node name="PineTree" parent="3DWorld/HouseBlock5" instance=ExtResource("25_knsmr")]
transform = Transform3D(1, 0, 0, 0, 1, 0, 0, 0, 1, -22.9029, 0.05, 0.999548)

[node name="PineTree2" parent="3DWorld/HouseBlock5" instance=ExtResource("25_knsmr")]
transform = Transform3D(1, 0, 0, 0, 1, 0, 0, 0, 1, -1.58969, 0.05, -15.8019)

[node name="HouseBlock6" type="Node3D" parent="3DWorld"]
transform = Transform3D(-0.45041, 0, -0.892822, 0, 1, 0, 0.892822, 0, -0.45041, 42.8882, 0, -112.223)

[node name="LHouse2" parent="3DWorld/HouseBlock6" instance=ExtResource("13_xxlhi")]
transform = Transform3D(1, 0, 0, 0, 1, 0, 0, 0, 1, -20.8608, 0.05, 24.5297)

[node name="House2" parent="3DWorld/HouseBlock6" instance=ExtResource("14_nhbrf")]
transform = Transform3D(-0.0796944, 0, -0.996819, 0, 1, 0, 0.996819, 0, -0.0796944, -34.8771, 0.0500002, -1.27394)

[node name="THouse2" parent="3DWorld/HouseBlock6" instance=ExtResource("15_b2j2i")]
transform = Transform3D(-0.636267, 0, -0.771469, 0, 1, 0, 0.771469, 0, -0.636267, -26.6602, 0.0500002, -23.8524)

[node name="UHouse2" parent="3DWorld/HouseBlock6" instance=ExtResource("16_ckbxy")]
transform = Transform3D(-0.972059, 0, -0.234735, 0, 1, 0, 0.234735, 0, -0.972059, -6.73543, 0.05, -33.735)

[node name="WillowTreeYellow" parent="3DWorld/HouseBlock6" instance=ExtResource("17_metrm")]
transform = Transform3D(1, 0, 0, 0, 1, 0, 0, 0, 1, -7.82939, 0.05, 17.7099)

[node name="WillowTreeRed" parent="3DWorld/HouseBlock6" instance=ExtResource("18_3mnca")]
transform = Transform3D(1, 0, 0, 0, 1, 0, 0, 0, 1, -35.4226, 0.05, 12.1713)

[node name="WillowTreeGreen" parent="3DWorld/HouseBlock6" instance=ExtResource("19_j5vto")]
transform = Transform3D(1, 0, 0, 0, 1, 0, 0, 0, 1, 10.8583, 0.05, -34.5656)

[node name="WillowTreeOrange" parent="3DWorld/HouseBlock6" instance=ExtResource("20_r7vtc")]
transform = Transform3D(1, 0, 0, 0, 1, 0, 0, 0, 1, -30.9389, 0.05, -47.5009)

[node name="OakTreeYellow" parent="3DWorld/HouseBlock6" instance=ExtResource("21_g5co0")]
transform = Transform3D(1, 0, 0, 0, 1, 0, 0, 0, 1, -38.0111, 0.05, -28.3783)

[node name="OakTreeRed" parent="3DWorld/HouseBlock6" instance=ExtResource("22_hcc7h")]
transform = Transform3D(1, 0, 0, 0, 1, 0, 0, 0, 1, -10.9525, 0.05, -46.8872)

[node name="OakTreeGreen" parent="3DWorld/HouseBlock6" instance=ExtResource("23_4c8yi")]
transform = Transform3D(1, 0, 0, 0, 1, 0, 0, 0, 1, -45.0811, 0.05, -14.4858)

[node name="OakTreeOrange" parent="3DWorld/HouseBlock6" instance=ExtResource("24_me8fh")]
transform = Transform3D(1, 0, 0, 0, 1, 0, 0, 0, 1, -45.1206, 0.05, 4.50634)

[node name="PineTree" parent="3DWorld/HouseBlock6" instance=ExtResource("25_knsmr")]
transform = Transform3D(1, 0, 0, 0, 1, 0, 0, 0, 1, -22.9029, 0.05, 0.999548)

[node name="PineTree2" parent="3DWorld/HouseBlock6" instance=ExtResource("25_knsmr")]
transform = Transform3D(1, 0, 0, 0, 1, 0, 0, 0, 1, -1.58969, 0.05, -15.8019)

[node name="HouseBlock7" type="Node3D" parent="3DWorld"]
transform = Transform3D(0.816269, 0, -0.577672, 0, 1, 0, 0.577672, 0, 0.816269, -24.5726, 0, -129.716)

[node name="LHouse2" parent="3DWorld/HouseBlock7" instance=ExtResource("13_xxlhi")]
transform = Transform3D(1, 0, 0, 0, 1, 0, 0, 0, 1, -20.8608, 0.05, 24.5297)

[node name="House2" parent="3DWorld/HouseBlock7" instance=ExtResource("14_nhbrf")]
transform = Transform3D(-0.0796944, 0, -0.996819, 0, 1, 0, 0.996819, 0, -0.0796944, -34.8771, 0.0500002, -1.27394)

[node name="THouse2" parent="3DWorld/HouseBlock7" instance=ExtResource("15_b2j2i")]
transform = Transform3D(-0.636267, 0, -0.771469, 0, 1, 0, 0.771469, 0, -0.636267, -26.6602, 0.0500002, -23.8524)

[node name="UHouse2" parent="3DWorld/HouseBlock7" instance=ExtResource("16_ckbxy")]
transform = Transform3D(-0.972059, 0, -0.234735, 0, 1, 0, 0.234735, 0, -0.972059, -6.73543, 0.05, -33.735)

[node name="WillowTreeYellow" parent="3DWorld/HouseBlock7" instance=ExtResource("17_metrm")]
transform = Transform3D(1, 0, 0, 0, 1, 0, 0, 0, 1, -7.82939, 0.05, 17.7099)

[node name="WillowTreeRed" parent="3DWorld/HouseBlock7" instance=ExtResource("18_3mnca")]
transform = Transform3D(1, 0, 0, 0, 1, 0, 0, 0, 1, -35.4226, 0.05, 12.1713)

[node name="WillowTreeGreen" parent="3DWorld/HouseBlock7" instance=ExtResource("19_j5vto")]
transform = Transform3D(1, 0, 0, 0, 1, 0, 0, 0, 1, 10.8583, 0.05, -34.5656)

[node name="WillowTreeOrange" parent="3DWorld/HouseBlock7" instance=ExtResource("20_r7vtc")]
transform = Transform3D(1, 0, 0, 0, 1, 0, 0, 0, 1, -30.9389, 0.05, -47.5009)

[node name="OakTreeYellow" parent="3DWorld/HouseBlock7" instance=ExtResource("21_g5co0")]
transform = Transform3D(1, 0, 0, 0, 1, 0, 0, 0, 1, -38.0111, 0.05, -28.3783)

[node name="OakTreeRed" parent="3DWorld/HouseBlock7" instance=ExtResource("22_hcc7h")]
transform = Transform3D(1, 0, 0, 0, 1, 0, 0, 0, 1, -10.9525, 0.05, -46.8872)

[node name="OakTreeGreen" parent="3DWorld/HouseBlock7" instance=ExtResource("23_4c8yi")]
transform = Transform3D(1, 0, 0, 0, 1, 0, 0, 0, 1, -45.0811, 0.05, -14.4858)

[node name="OakTreeOrange" parent="3DWorld/HouseBlock7" instance=ExtResource("24_me8fh")]
transform = Transform3D(1, 0, 0, 0, 1, 0, 0, 0, 1, -45.1206, 0.05, 4.50634)

[node name="PineTree" parent="3DWorld/HouseBlock7" instance=ExtResource("25_knsmr")]
transform = Transform3D(1, 0, 0, 0, 1, 0, 0, 0, 1, -22.9029, 0.05, 0.999548)

[node name="PineTree2" parent="3DWorld/HouseBlock7" instance=ExtResource("25_knsmr")]
transform = Transform3D(1, 0, 0, 0, 1, 0, 0, 0, 1, -1.58969, 0.05, -15.8019)

[node name="HouseBlock8" type="Node3D" parent="3DWorld"]
transform = Transform3D(0.812643, 0, 0.582761, 0, 1, 0, -0.582761, 0, 0.812643, -100.22, 0, -104.571)

[node name="LHouse2" parent="3DWorld/HouseBlock8" instance=ExtResource("13_xxlhi")]
transform = Transform3D(1, 0, 0, 0, 1, 0, 0, 0, 1, -20.8608, 0.05, 24.5297)

[node name="House2" parent="3DWorld/HouseBlock8" instance=ExtResource("14_nhbrf")]
transform = Transform3D(-0.0796944, 0, -0.996819, 0, 1, 0, 0.996819, 0, -0.0796944, -34.8771, 0.0500002, -1.27394)

[node name="THouse2" parent="3DWorld/HouseBlock8" instance=ExtResource("15_b2j2i")]
transform = Transform3D(-0.636267, 0, -0.771469, 0, 1, 0, 0.771469, 0, -0.636267, -26.6602, 0.0500002, -23.8524)

[node name="UHouse2" parent="3DWorld/HouseBlock8" instance=ExtResource("16_ckbxy")]
transform = Transform3D(-0.972059, 0, -0.234735, 0, 1, 0, 0.234735, 0, -0.972059, -6.73543, 0.05, -33.735)

[node name="WillowTreeYellow" parent="3DWorld/HouseBlock8" instance=ExtResource("17_metrm")]
transform = Transform3D(1, 0, 0, 0, 1, 0, 0, 0, 1, -7.82939, 0.05, 17.7099)

[node name="WillowTreeRed" parent="3DWorld/HouseBlock8" instance=ExtResource("18_3mnca")]
transform = Transform3D(1, 0, 0, 0, 1, 0, 0, 0, 1, -35.4226, 0.05, 12.1713)

[node name="WillowTreeGreen" parent="3DWorld/HouseBlock8" instance=ExtResource("19_j5vto")]
transform = Transform3D(1, 0, 0, 0, 1, 0, 0, 0, 1, 10.8583, 0.05, -34.5656)

[node name="WillowTreeOrange" parent="3DWorld/HouseBlock8" instance=ExtResource("20_r7vtc")]
transform = Transform3D(1, 0, 0, 0, 1, 0, 0, 0, 1, -30.9389, 0.05, -47.5009)

[node name="OakTreeYellow" parent="3DWorld/HouseBlock8" instance=ExtResource("21_g5co0")]
transform = Transform3D(1, 0, 0, 0, 1, 0, 0, 0, 1, -38.0111, 0.05, -28.3783)

[node name="OakTreeRed" parent="3DWorld/HouseBlock8" instance=ExtResource("22_hcc7h")]
transform = Transform3D(1, 0, 0, 0, 1, 0, 0, 0, 1, -10.9525, 0.05, -46.8872)

[node name="OakTreeGreen" parent="3DWorld/HouseBlock8" instance=ExtResource("23_4c8yi")]
transform = Transform3D(1, 0, 0, 0, 1, 0, 0, 0, 1, -45.0811, 0.05, -14.4858)

[node name="OakTreeOrange" parent="3DWorld/HouseBlock8" instance=ExtResource("24_me8fh")]
transform = Transform3D(1, 0, 0, 0, 1, 0, 0, 0, 1, -45.1206, 0.05, 4.50634)

[node name="PineTree" parent="3DWorld/HouseBlock8" instance=ExtResource("25_knsmr")]
transform = Transform3D(1, 0, 0, 0, 1, 0, 0, 0, 1, -22.9029, 0.05, 0.999548)

[node name="PineTree2" parent="3DWorld/HouseBlock8" instance=ExtResource("25_knsmr")]
transform = Transform3D(1, 0, 0, 0, 1, 0, 0, 0, 1, -1.58969, 0.05, -15.8019)

[node name="Trees" type="Node3D" parent="3DWorld"]

[node name="WillowTreeYellow" parent="3DWorld/Trees" instance=ExtResource("17_metrm")]
transform = Transform3D(1, 0, 0, 0, 1, 0, 0, 0, 1, -101.439, 0, -168.496)

[node name="WillowTreeRed" parent="3DWorld/Trees" instance=ExtResource("18_3mnca")]
transform = Transform3D(1, 0, 0, 0, 1, 0, 0, 0, 1, -129.033, 0, -174.034)

[node name="WillowTreeGreen" parent="3DWorld/Trees" instance=ExtResource("19_j5vto")]
transform = Transform3D(1, 0, 0, 0, 1, 0, 0, 0, 1, -82.7517, 0, -220.771)

[node name="WillowTreeOrange" parent="3DWorld/Trees" instance=ExtResource("20_r7vtc")]
transform = Transform3D(1, 0, 0, 0, 1, 0, 0, 0, 1, -124.549, 0, -233.707)

[node name="OakTreeYellow" parent="3DWorld/Trees" instance=ExtResource("21_g5co0")]
transform = Transform3D(1, 0, 0, 0, 1, 0, 0, 0, 1, -131.621, 0, -214.584)

[node name="OakTreeRed" parent="3DWorld/Trees" instance=ExtResource("22_hcc7h")]
transform = Transform3D(1, 0, 0, 0, 1, 0, 0, 0, 1, -137.628, 0, -227.004)

[node name="OakTreeGreen" parent="3DWorld/Trees" instance=ExtResource("23_4c8yi")]
transform = Transform3D(1, 0, 0, 0, 1, 0, 0, 0, 1, -138.691, 0, -200.691)

[node name="OakTreeOrange" parent="3DWorld/Trees" instance=ExtResource("24_me8fh")]
transform = Transform3D(1, 0, 0, 0, 1, 0, 0, 0, 1, -138.731, 0, -181.699)

[node name="PineTree" parent="3DWorld/Trees" instance=ExtResource("25_knsmr")]
transform = Transform3D(1, 0, 0, 0, 1, 0, 0, 0, 1, -116.513, 0, -185.206)

[node name="PineTree2" parent="3DWorld/Trees" instance=ExtResource("25_knsmr")]
transform = Transform3D(1, 0, 0, 0, 1, 0, 0, 0, 1, -95.1997, 0, -202.008)

[node name="Trees2" type="Node3D" parent="3DWorld"]
transform = Transform3D(1, 0, 0, 0, 1, 0, 0, 0, 1, 14.7983, 0, -28.139)

[node name="WillowTreeYellow" parent="3DWorld/Trees2" instance=ExtResource("17_metrm")]
transform = Transform3D(1, 0, 0, 0, 1, 0, 0, 0, 1, -101.439, 0, -168.496)

[node name="WillowTreeRed" parent="3DWorld/Trees2" instance=ExtResource("18_3mnca")]
transform = Transform3D(1, 0, 0, 0, 1, 0, 0, 0, 1, -129.033, 0, -174.034)

[node name="WillowTreeGreen" parent="3DWorld/Trees2" instance=ExtResource("19_j5vto")]
transform = Transform3D(1, 0, 0, 0, 1, 0, 0, 0, 1, -82.7517, 0, -220.771)

[node name="WillowTreeOrange" parent="3DWorld/Trees2" instance=ExtResource("20_r7vtc")]
transform = Transform3D(1, 0, 0, 0, 1, 0, 0, 0, 1, -124.549, 0, -233.707)

[node name="OakTreeYellow" parent="3DWorld/Trees2" instance=ExtResource("21_g5co0")]
transform = Transform3D(1, 0, 0, 0, 1, 0, 0, 0, 1, -131.621, 0, -214.584)

[node name="OakTreeRed" parent="3DWorld/Trees2" instance=ExtResource("22_hcc7h")]
transform = Transform3D(1, 0, 0, 0, 1, 0, 0, 0, 1, -104.563, 0, -233.093)

[node name="OakTreeGreen" parent="3DWorld/Trees2" instance=ExtResource("23_4c8yi")]
transform = Transform3D(1, 0, 0, 0, 1, 0, 0, 0, 1, -138.691, 0, -200.691)

[node name="OakTreeOrange" parent="3DWorld/Trees2" instance=ExtResource("24_me8fh")]
transform = Transform3D(1, 0, 0, 0, 1, 0, 0, 0, 1, -138.731, 0, -181.699)

[node name="PineTree" parent="3DWorld/Trees2" instance=ExtResource("25_knsmr")]
transform = Transform3D(1, 0, 0, 0, 1, 0, 0, 0, 1, -116.513, 0, -185.206)

[node name="PineTree2" parent="3DWorld/Trees2" instance=ExtResource("25_knsmr")]
transform = Transform3D(1, 0, 0, 0, 1, 0, 0, 0, 1, -95.1997, 0, -202.008)

[node name="Trees3" type="Node3D" parent="3DWorld"]
transform = Transform3D(1, 0, 0, 0, 1, 0, 0, 0, 1, 59.6961, 0, -27.7255)

[node name="WillowTreeYellow" parent="3DWorld/Trees3" instance=ExtResource("17_metrm")]
transform = Transform3D(1, 0, 0, 0, 1, 0, 0, 0, 1, -101.439, 0, -168.496)

[node name="WillowTreeRed" parent="3DWorld/Trees3" instance=ExtResource("18_3mnca")]
transform = Transform3D(1, 0, 0, 0, 1, 0, 0, 0, 1, -129.033, 0, -174.034)

[node name="WillowTreeGreen" parent="3DWorld/Trees3" instance=ExtResource("19_j5vto")]
transform = Transform3D(1, 0, 0, 0, 1, 0, 0, 0, 1, -82.7517, 0, -220.771)

[node name="WillowTreeOrange" parent="3DWorld/Trees3" instance=ExtResource("20_r7vtc")]
transform = Transform3D(1, 0, 0, 0, 1, 0, 0, 0, 1, -124.549, 0, -233.707)

[node name="OakTreeYellow" parent="3DWorld/Trees3" instance=ExtResource("21_g5co0")]
transform = Transform3D(1, 0, 0, 0, 1, 0, 0, 0, 1, -131.621, 0, -214.584)

[node name="OakTreeRed" parent="3DWorld/Trees3" instance=ExtResource("22_hcc7h")]
transform = Transform3D(1, 0, 0, 0, 1, 0, 0, 0, 1, -104.563, 0, -233.093)

[node name="OakTreeGreen" parent="3DWorld/Trees3" instance=ExtResource("23_4c8yi")]
transform = Transform3D(1, 0, 0, 0, 1, 0, 0, 0, 1, -138.691, 0, -200.691)

[node name="OakTreeOrange" parent="3DWorld/Trees3" instance=ExtResource("24_me8fh")]
transform = Transform3D(1, 0, 0, 0, 1, 0, 0, 0, 1, -138.731, 0, -181.699)

[node name="PineTree" parent="3DWorld/Trees3" instance=ExtResource("25_knsmr")]
transform = Transform3D(1, 0, 0, 0, 1, 0, 0, 0, 1, -116.513, 0, -185.206)

[node name="PineTree2" parent="3DWorld/Trees3" instance=ExtResource("25_knsmr")]
transform = Transform3D(1, 0, 0, 0, 1, 0, 0, 0, 1, -95.1997, 0, -202.008)

[node name="cave" parent="3DWorld" instance=ExtResource("26_vaaar")]
transform = Transform3D(-0.968864, 0, -0.247591, 0, 1, 0, 0.247591, 0, -0.968864, -103.035, 0, -236.939)

[node name="Path2" type="Path3D" parent="3DWorld" node_paths=PackedStringArray("path_end_encounter")]
transform = Transform3D(-0.0685798, 0.0375195, -0.99694, -8.73129e-10, 0.999293, 0.037608, 0.997646, 0.00257915, -0.0685313, -15.2027, 0.05, -34.4762)
curve = SubResource("Curve3D_83k64")
script = ExtResource("27_jwmsg")
path_end_encounter = NodePath("../Encounter2")

[node name="StartPath" type="Path3D" parent="3DWorld" node_paths=PackedStringArray("path_end_encounter")]
transform = Transform3D(-0.0685798, 0.0375195, -0.99694, -8.73129e-10, 0.999293, 0.037608, 0.997646, 0.00257915, -0.0685313, -45.5961, 0.460382, -50.5306)
curve = SubResource("Curve3D_gboip")
script = ExtResource("27_jwmsg")
path_end_encounter = NodePath("../Encounter1")

[node name="PathFollow3D" type="PathFollow3D" parent="3DWorld/StartPath" node_paths=PackedStringArray("EncounterNode")]
transform = Transform3D(0.998765, 0.00149571, -0.0496767, 5.82077e-11, 0.999547, 0.0300952, 0.0496993, -0.030058, 0.998312, -0.039, 1.5, 0.062)
loop = false
script = ExtResource("28_xd56e")
Path_Speed = 8.0
delay = 0.5
EncounterNode = NodePath("../../Encounter1")

[node name="Encounter1" type="Node3D" parent="3DWorld" node_paths=PackedStringArray("PathFollow", "Next_Path")]
transform = Transform3D(0.571774, 0, 0.820411, 0, 1, 0, -0.820411, 0, 0.571774, -11.6397, 1.0681, -36.2521)
script = ExtResource("29_2cbbd")
PathFollow = NodePath("../StartPath/PathFollow3D")
Next_Path = NodePath("../Path2")

[node name="skeleton" parent="3DWorld/Encounter1" instance=ExtResource("30_k76k2")]
transform = Transform3D(1, 0, 0, 0, 1, 0, 0, 0, 1, 0, -0.986755, 0)
visible = false

[node name="skeleton2" parent="3DWorld/Encounter1" instance=ExtResource("30_k76k2")]
transform = Transform3D(0.907073, 0, -0.420972, 0, 1, 0, 0.420972, 0, 0.907073, -4.21738, -0.986755, 1.34877)
visible = false

[node name="Encounter2" type="Node3D" parent="3DWorld" node_paths=PackedStringArray("PathFollow", "Next_Path")]
transform = Transform3D(0.999312, 0, -0.0370972, 0, 1, 0, 0.0370972, 0, 0.999312, -24.6642, 1.0681, -3.8708)
script = ExtResource("29_2cbbd")
PathFollow = NodePath("../StartPath/PathFollow3D")
Next_Path = NodePath("../Path3")

[node name="skeleton" parent="3DWorld/Encounter2" instance=ExtResource("30_k76k2")]
transform = Transform3D(1, 0, 0, 0, 1, 0, 0, 0, 1, 0, -0.986755, 0)
visible = false

[node name="skeleton2" parent="3DWorld/Encounter2" instance=ExtResource("30_k76k2")]
transform = Transform3D(0.907073, 0, -0.420972, 0, 1, 0, 0.420972, 0, 0.907073, -4.21738, -0.986755, 1.34877)
visible = false

[node name="Encounter3" type="Node3D" parent="3DWorld" node_paths=PackedStringArray("PathFollow", "Next_Path")]
transform = Transform3D(0.432967, 0, -0.90141, 0, 1, 0, 0.90141, 0, 0.432967, 10.9262, 1.0681, 23.2346)
script = ExtResource("29_2cbbd")
PathFollow = NodePath("../StartPath/PathFollow3D")
Next_Path = NodePath("../Path4")

[node name="skeleton" parent="3DWorld/Encounter3" instance=ExtResource("30_k76k2")]
transform = Transform3D(1, 0, 0, 0, 1, 0, 0, 0, 1, 0, -0.986755, 0)
visible = false

[node name="skeleton2" parent="3DWorld/Encounter3" instance=ExtResource("30_k76k2")]
transform = Transform3D(0.907073, 0, -0.420972, 0, 1, 0, 0.420972, 0, 0.907073, -4.21738, -0.986755, 1.34877)
visible = false

